# name: y
# type: matrix
# rows: 22
# columns: 2
25344 1 
25344 1 
25344 1 
25344 1 
25344 1 
25344 1 
25344 1 
25344 1 
25344 1 
25344 7 
25344 7 
25344 1 
25344 1 
25344 1 
25344 1 
25344 3 
25344 1 
25344 1 
25344 1 
25344 1 
25344 1 
25344 1 
25344 1 
25344 1 
25344 1 
25344 7 
